0,3,126
0,3,126
0,3,126
0,3,126
0,3,126
0,3,126
0,3,126
0,3,126
0,3,126
0,3,126
0,3,126
0,3,126
0,3,126
0,3,126
0,3,126
0,3,126
0,3,126
0,3,126
0,3,126
0,3,126
0,3,126
0,3,126
0,3,126
0,3,126
0,3,126
0,3,126
0,3,126
0,3,126
0,3,126
0,3,126
0,3,126
0,3,126
0,3,126
0,3,126
0,3,126
0,3,126
0,3,126
0,3,126
0,3,126
0,3,126
0,3,126
0,3,126
0,3,126
0,3,126
0,3,126
0,3,126
0,3,126
0,3,126
0,3,126
0,3,126
0,3,126
0,3,126
0,3,126
0,3,126
0,3,126
0,3,126
0,3,126
0,3,126
0,3,126
0,3,126